0.660377358490566
0.660377358490566
0.660377358490566
0.660377358490566
0.660377358490566
0.660377358490566
0.660377358490566
0.660377358490566
0.660377358490566
0.660377358490566
0.660377358490566
0.660377358490566
0.660377358490566
0.660377358490566
0.660377358490566
0.660377358490566
0.660377358490566
0.660377358490566
0.660377358490566
0.660377358490566
0.660377358490566
0.660377358490566
0.660377358490566
0.6436058700209645
0.660377358490566
0.660377358490566
0.660377358490566
0.660377358490566
0.6436058700209645
0.660377358490566
0.660377358490566
0.660377358490566
0.660377358490566
0.660377358490566
0.660377358490566
0.660377358490566
0.660377358490566
0.660377358490566
0.660377358490566
0.6226415094339622
0.660377358490566
0.660377358490566
0.660377358490566
0.660377358490566
0.660377358490566
0.660377358490566
0.660377358490566
0.660377358490566
0.660377358490566
0.660377358490566
