0.5826023391812866
0.5608813700918965
0.5680868838763576
0.5648496240601504
0.5810359231411865
0.5822890559732664
0.5680868838763576
0.5593149540517962
0.5810359231411865
0.5674603174603176
0.5826023391812866
0.5680868838763576
0.5826023391812866
0.5810359231411865
0.5826023391812866
0.5807226399331663
0.5674603174603176
0.5826023391812866
0.5674603174603176
0.5485588972431079
0.5718462823725982
0.5763366750208856
0.5826023391812866
0.5826023391812866
0.5592105263157895
0.5763366750208856
0.5680868838763576
0.5810359231411865
0.5605680868838764
0.5826023391812866
0.5268379281537178
0.5826023391812866
0.5826023391812866
0.5810359231411865
0.5446950710108606
0.5810359231411865
0.5608813700918965
0.5826023391812866
0.5674603174603176
0.5810359231411865
0.5826023391812866
0.5826023391812866
0.5611946532999165
0.5615079365079366
0.549498746867168
0.5826023391812866
0.5763366750208856
0.5763366750208856
0.5810359231411865
0.5826023391812866
