0.6321564885496184
0.6321564885496184
0.6321564885496184
0.6321564885496184
0.6321564885496184
0.6321564885496184
0.6321564885496184
0.6321564885496184
0.6321564885496184
0.6321564885496184
0.6321564885496184
0.6321564885496184
0.6321564885496184
0.6321564885496184
0.6321564885496184
0.6321564885496184
0.6321564885496184
0.6321564885496184
0.6321564885496184
0.6321564885496184
0.6321564885496184
0.6321564885496184
0.6321564885496184
0.6130725190839695
0.6321564885496184
0.6321564885496184
0.6321564885496184
0.6321564885496184
0.6130725190839695
0.6321564885496184
0.6321564885496184
0.6321564885496184
0.6321564885496184
0.6321564885496184
0.6321564885496184
0.6321564885496184
0.6321564885496184
0.6321564885496184
0.6321564885496184
0.5892175572519085
0.6321564885496184
0.6321564885496184
0.6321564885496184
0.6321564885496184
0.6321564885496184
0.6321564885496184
0.6321564885496184
0.6321564885496184
0.6321564885496184
0.6321564885496184
