0.6226415094339622
0.660377358490566
0.660377358490566
0.660377358490566
0.660377358490566
0.660377358490566
0.660377358490566
0.660377358490566
0.660377358490566
0.660377358490566
0.660377358490566
0.660377358490566
0.660377358490566
0.660377358490566
0.660377358490566
0.6226415094339622
0.660377358490566
0.660377358490566
0.660377358490566
0.6226415094339622
0.660377358490566
0.660377358490566
0.6654088050314465
0.660377358490566
0.660377358490566
0.660377358490566
0.660377358490566
0.660377358490566
0.660377358490566
0.660377358490566
0.660377358490566
0.660377358490566
0.660377358490566
0.660377358490566
0.660377358490566
0.6226415094339622
0.660377358490566
0.660377358490566
0.6654088050314465
0.660377358490566
0.660377358490566
0.660377358490566
0.660377358490566
0.660377358490566
0.660377358490566
0.660377358490566
0.660377358490566
0.660377358490566
0.660377358490566
0.660377358490566
