0.6749999999999998
0.6166666666666671
0.6166666666666671
0.6166666666666671
0.6166666666666671
0.6749999999999998
0.0
0.6166666666666671
0.6166666666666671
0.6166666666666671
0.6166666666666671
0.6166666666666671
0.6166666666666671
0.6166666666666671
0.0
0.6166666666666671
0.6166666666666671
0.6166666666666671
0.6166666666666671
0.6166666666666671
0.6166666666666671
0.6166666666666671
0.6166666666666671
0.6166666666666671
0.6166666666666671
0.6166666666666671
0.6166666666666671
0.6166666666666671
0.6166666666666671
0.6166666666666671
0.7916666666666661
0.6166666666666671
0.6166666666666671
0.6166666666666671
0.6166666666666671
0.6166666666666671
0.0
0.6166666666666671
0.6166666666666671
0.6166666666666671
0.6166666666666671
0.6166666666666671
0.15000000000000036
0.6166666666666671
0.6166666666666671
0.6166666666666671
0.6166666666666671
0.6166666666666671
0.6749999999999998
0.6166666666666671
