0.6073375262054508
0.6408805031446541
0.6048218029350103
0.4549266247379456
0.469811320754717
0.5744234800838574
0.6069182389937108
0.5587002096436058
0.4570230607966458
0.47169811320754723
0.4905660377358491
0.5723270440251572
0.5999999999999999
0.43291404612159334
0.5178197064989518
0.5666666666666667
0.5870020964360586
0.5408805031446541
0.47211740041928724
0.5628930817610063
0.570230607966457
0.5597484276729559
0.5
0.5440251572327044
0.39727463312368977
0.5475890985324946
0.5140461215932914
0.6090146750524109
0.5846960167714883
0.46645702306079667
0.5031446540880504
0.5979035639412998
0.5597484276729559
0.5452830188679245
0.5392033542976938
0.4779874213836478
0.5115303983228512
0.5628930817610063
0.5643605870020965
0.6006289308176099
0.5706498951781971
0.5618448637316561
0.449475890985325
0.5664570230607967
0.41299790356394134
0.4220125786163521
0.6136268343815514
0.4549266247379456
0.5046121593291405
0.5498951781970649
