1.3342054037792017
1.3342054037792017
1.3342054037792017
1.3341307177000101
1.3342054037792017
1.3342054037792017
1.3341307177000101
1.3342054037792017
1.3342054037792017
1.3287810145184598
1.3342054037792017
1.3342054037792017
1.3342054037792017
1.3342054037792017
1.3341307177000101
1.3341307177000101
1.3342054037792017
1.3342054037792017
1.3341307177000101
1.3311632705768803
1.3341307177000101
1.3342054037792017
1.3342054037792017
1.3342054037792017
1.3342054037792017
1.3314055861664311
1.3342054037792017
1.3342054037792017
1.3342054037792017
1.334429521710522
1.3342054037792017
1.334429521710522
1.3341307177000101
1.334429521710522
1.334429521710522
1.334429521710522
1.3342054037792017
1.3341307177000101
1.3342054037792017
1.3342054037792017
1.3344295217105218
1.3342054037792017
1.3341307177000101
1.3341307177000101
1.334429521710522
1.3342054037792017
1.3341307177000101
1.3341307177000101
1.3342054037792017
1.3417300362243778
