0.5680868838763576
0.5826023391812866
0.5810359231411865
0.5826023391812866
0.5822890559732664
0.5605680868838764
0.5810359231411865
0.5826023391812866
0.5760233918128655
0.5340434419381789
0.5680868838763576
0.5485588972431079
0.5611946532999165
0.5826023391812866
0.5810359231411865
0.5611946532999165
0.5608813700918965
0.5822890559732664
0.5258980785296575
0.5810359231411865
0.5826023391812866
0.5262113617376775
0.5826023391812866
0.5826023391812866
0.5810359231411865
0.5680868838763576
0.5810359231411865
0.5810359231411865
0.5810359231411865
0.5810359231411865
0.5810359231411865
0.5822890559732664
0.5680868838763576
0.5826023391812866
0.5826023391812866
0.5826023391812866
0.5822890559732664
0.5826023391812866
0.5810359231411865
0.5763366750208856
0.5258980785296575
0.5810359231411865
0.5822890559732664
0.5826023391812866
0.5826023391812866
0.5674603174603176
0.5482456140350879
0.5810359231411865
0.5826023391812866
0.5822890559732664
