0.5980257116620752
0.6003500918273644
0.6003500918273644
0.6003500918273644
0.6003500918273644
0.5980257116620752
0.6035927456382001
0.6003500918273644
0.6003500918273644
0.6003500918273644
0.5998335629017446
0.5998335629017446
0.6003500918273644
0.6003500918273644
0.6035927456382001
0.6003500918273644
0.6003500918273644
0.6003500918273644
0.6003500918273644
0.6003500918273644
0.6003500918273644
0.6003500918273644
0.6003500918273644
0.6003500918273644
0.6003500918273644
0.6003500918273644
0.6003500918273644
0.5992883379247015
0.6003500918273644
0.6003500918273644
0.5852272727272726
0.6003500918273644
0.6003500918273644
0.6003500918273644
0.6003500918273644
0.6003500918273644
0.6035927456382001
0.6003500918273644
0.6003500918273644
0.6003500918273644
0.6003500918273644
0.6003500918273644
0.6030762167125803
0.6003500918273644
0.6003500918273644
0.6003500918273644
0.6003500918273644
0.6003500918273644
0.5980257116620752
0.6003500918273644
