1.0695140063546766 0.0 0.0 
0.0 1.0605354437244052 3.6848733870830234E-6 
0.0 1.1561022069417 0.0 
1.0695140063546766 0.0 0.0 
0.0 0.0 1.0458059470824672 
0.18672662869929918 0.5577524018619681 0.3120015560662053 
0.13694742117848527 0.5466167468204975 0.3777799480519941 
0.06629559841275551 0.2108993115561229 0.8378224452780823 
0.10423202067841689 0.5084011254292281 0.39290455879014 
0.6061744329260953 1.3459776247473001E-15 1.0111165729598597 
0.6376213539347702 1.4158038162620991E-15 0.9796696519511848 
0.34947859921261626 0.09777404247289634 0.6022999701089001 
0.460264582476412 0.12890187693583666 0.49959750156781674 
0.002774701552271987 0.47024175110536476 0.636995220918202 
0.12064366834215808 0.37926901161715226 0.5884997968684829 
0.1793112863052989 0.7633792293376047 0.07590540686623165 
0.3808461863368612 0.2247635587213732 0.4608395218011912 
0.8166007716848185 0.008565558701038159 0.18674220089414656 
0.3128815075191507 0.5794598510257714 0.19860171808497964 
0.24404504311930386 0.11970374755416835 0.7613859609519502 
0.03859691329828989 0.7878673001039818 0.22992909199779965 
0.438208584442725 0.10601029240510325 0.5064165400478557 
0.049814613019482826 0.926212489715198 0.02874321402176129 
0.41227103695578177 0.21040982230851477 0.4334436191348927 
0.3197285048332667 0.1886938064476906 0.5552501534866489 
0.08176255250501027 0.3184468296435265 0.6184155912458513 
0.8452370086078774 0.08659762128297063 0.0937212479044326 
0.5682452917152495 0.2529290482248059 0.23186010698008666 
0.19974582885970815 0.9020547893861521 0.0039035841844303454 
0.5077849209825616 0.1434021923239951 0.445922342067633 
0.057721101070514536 0.6736122675277411 0.33109009250294685 
0.07317090360937038 0.7149989440760499 0.27328227512558123 
0.1555997361650026 0.494993303042567 0.4290566177688857 
0.19683294183608463 0.6587010525424822 0.1544854102925135 
0.7199760001625956 0.18753479894470465 0.1348316361638591 
0.3883691453183871 0.15988231348239085 0.5087659869422575 
0.014985940819951112 0.3856818231415341 0.6857403390264268 
0.02888956846512639 0.40736477124232545 0.5905388188419028 
0.024022371227974935 0.9701754516712149 0.04749226774076708 
0.2894382795925318 0.13226027526191592 0.6466561016724893 
0.20557174923904709 0.826978421768625 0.0493243377201034 
0.23817642422699123 0.7246761218159183 0.1221608582823535 
0.0 1.016800868466548 0.012708659902373158 
0.5880593622896251 0.25773229301922773 0.21480789753272578 
0.8846505066107859 0.02191219225479943 0.11717012613012974 
0.07701206085368446 0.022129036601823356 0.9501669234199641 
0.026971092192088084 0.6026064909221167 0.3969510539386651 
0.9152783434853232 0.029037595537012482 0.06738257189443365 
0.2376013329951433 0.4400902808833874 0.3547702137237845 
0.10783423930821211 0.9514713083305335 1.3285763322692218E-4 
0.5043252948595058 0.26674390969591316 0.26264396049295824 
0.6271154554019442 0.30533729770242796 0.09378341696004815 
0.22066478033074163 0.06829766680621976 0.8753876386641405 
1.0326033398942156 0.02793210383018972 3.6848733870830234E-6 
0.19560096071145575 0.07172305462698117 0.8098358138364411 
0.3197285048332667 0.1886938064476906 0.5552501534866489 
0.07473767550123611 0.22092563235365714 0.7338462205140278 
0.7780026229462246 0.27915285291526276 0.028969196373112897 
0.6598379347639761 0.2962445232117433 0.06804610420248602 
0.02388024566400698 0.2469768039443787 0.8186662433634972 
9.580246732999594E-4 1.0054107679723125 0.0193424364939458 
0.7952105190460086 0.20713141101137927 0.0400005052137714 
0.6727774489544139 0.2861652213406293 0.12145037456106561 
0.07003615736446153 0.6179613702058412 0.3715329168966019 
2.2144083591223323E-5 0.1573951980553982 0.9344788404955653 
0.5447079965896826 0.09611220642455708 0.4121954289371637 
0.26510873138945207 0.42446176608316516 0.3661088245470359 
0.2309137497748676 0.8659537150355919 0.001978426404001794 
0.5204689365506059 0.275282482211126 0.23169822201930945 
0.7008545673804227 0.3576379736912603 9.546570530908835E-4 
0.3366676773480805 1.4980828189453222E-5 0.7884436751238267 
0.9942333795553051 0.0017124297117499063 0.08899920350694136 
0.6181951892276885 0.04577282807629277 0.4782419802876772 
0.08135548146168767 0.5741158518931513 0.35396809823352643 
0.2557042452006615 0.6877466943461535 0.07583880174381441 
0.58603621725564 0.05478398575859964 0.4121954289371637 
0.004361670765778831 1.0563277211250572 2.111499536120481E-5 
0.39092974423159177 0.15965053647141672 0.4831488225997296 
0.009699343232302966 0.2838629957418444 0.8893226274260405 
0.16945887474619392 0.011279564988592948 0.9091487136089732 
0.30019642248824396 0.13216295667548178 0.6247298039936741 
0.07296640393868113 0.2841878010515642 0.6614707684041429 
0.7570114591978023 0.345098755546605 2.1181226633041272E-4 
0.2115167856399717 0.6392930237206369 0.17610680232636977 
0.2617117357700606 0.11482967076573555 0.6918132499911409 
0.9357947117149051 0.12449026776816399 3.6840031389241553E-6 
0.23961618615164088 0.8018750954590764 0.0018785440512928072 
0.9613271838728924 0.0016557533334005657 0.12196207556770344 
0.1730449117872806 0.673971174532821 0.1715043411234568 
0.5501012082090594 0.1618374234038802 0.3770850189294245 
0.34016999347699056 0.00589501219406712 0.7243708945584579 
0.7388613662507245 0.018489948113764965 0.25264410037388396 
0.6308093850152356 0.34453118420676726 0.08301420525798266 
0.0960180623548581 0.8359188702267658 0.09373153721493464 
0.6185870186290737 1.3735391016324595E-15 0.9985208958507562 
0.12140693740993436 0.6667629102754858 0.27328227512558123 
0.9765404301578146 0.014036460455631256 0.019926113277237454 
0.8678898273476648 0.17560548930928724 0.0070904581499367635 
1.0621575861750603 0.0 0.0051037285289326 
0.7225898512203037 0.23365717497650265 0.06852303006502991 
