9.995603458478908E-5
8.020481421800166E-5
8.020481421800166E-5
8.020481421800166E-5
8.020481421800166E-5
9.995603458478908E-5
0.0
8.020481421800166E-5
8.020481421800166E-5
8.020481421800166E-5
8.501075143920052E-5
8.501075143920052E-5
8.020481421800166E-5
8.020481421800166E-5
0.0
8.020481421800166E-5
8.020481421800166E-5
8.020481421800166E-5
8.020481421800166E-5
8.020481421800166E-5
8.020481421800166E-5
8.020481421800166E-5
8.020481421800166E-5
8.020481421800166E-5
8.020481421800166E-5
8.020481421800166E-5
8.020481421800166E-5
9.35462874835441E-5
8.020481421800166E-5
8.020481421800166E-5
2.0491321256750625E-4
8.020481421800166E-5
8.020481421800166E-5
8.020481421800166E-5
8.020481421800166E-5
8.020481421800166E-5
0.0
8.020481421800166E-5
8.020481421800166E-5
8.020481421800166E-5
8.020481421800166E-5
8.020481421800166E-5
2.8178283065391795E-5
8.020481421800166E-5
8.020481421800166E-5
8.020481421800166E-5
8.020481421800166E-5
8.020481421800166E-5
9.995603458478908E-5
8.020481421800166E-5
