0.5612990810359232
0.5282999164578112
0.5311194653299917
0.5616123642439432
0.5628654970760234
0.5333124477861321
0.5616123642439432
0.5616123642439432
0.5616123642439432
0.5826023391812866
0.5035505430242273
0.5339390142021722
0.5339390142021722
0.5616123642439432
0.5628654970760234
0.5616123642439432
0.5339390142021722
0.5628654970760234
0.5628654970760234
0.5616123642439432
0.5339390142021722
0.5311194653299917
0.5616123642439432
0.5317460317460317
0.5616123642439432
0.5753968253968254
0.5616123642439432
0.5339390142021722
0.5616123642439432
0.5004177109440268
0.5631787802840433
0.5616123642439432
0.5631787802840433
0.5631787802840433
0.5479323308270676
0.5339390142021722
0.5339390142021722
0.5631787802840433
0.5616123642439432
0.5317460317460317
0.5631787802840433
0.5628654970760234
0.5631787802840433
0.5628654970760234
0.5631787802840433
0.5317460317460317
0.5628654970760234
0.5339390142021722
0.5631787802840433
0.5631787802840433
