0.5680868838763576
0.5340434419381789
0.5810359231411865
0.5810359231411865
0.5658939014202172
0.5826023391812866
0.5810359231411865
0.5805137844611529
0.5822890559732664
0.5810359231411865
0.5674603174603176
0.5810359231411865
0.5822890559732664
0.5680868838763576
0.5807226399331663
0.5810359231411865
0.5803049289891397
0.5826023391812866
0.5810359231411865
0.5680868838763576
0.5763366750208856
0.5826023391812866
0.5826023391812866
0.5611946532999165
0.5822890559732664
0.5810359231411865
0.5810359231411865
0.5826023391812866
0.5605680868838764
0.5826023391812866
0.5826023391812866
0.5826023391812866
0.5826023391812866
0.5763366750208856
0.5615079365079366
0.5453216374269007
0.5826023391812866
0.5826023391812866
0.5718462823725982
0.5822890559732664
0.5794695071010861
0.5826023391812866
0.5826023391812866
0.5674603174603176
0.5785296574770259
0.5810359231411865
0.5826023391812866
0.5822890559732664
0.5826023391812866
0.5826023391812866
