8.020481421800166E-5
8.020481421800166E-5
8.020481421800166E-5
8.501075143920052E-5
8.020481421800166E-5
8.020481421800166E-5
8.501075143920052E-5
8.020481421800166E-5
8.020481421800166E-5
9.789591736077892E-5
8.020481421800166E-5
8.020481421800166E-5
8.020481421800166E-5
8.020481421800166E-5
8.501075143920052E-5
8.501075143920052E-5
8.020481421800166E-5
8.020481421800166E-5
8.501075143920052E-5
2.0491321256750625E-4
8.501075143920052E-5
8.020481421800166E-5
8.020481421800166E-5
8.020481421800166E-5
8.020481421800166E-5
2.134193555207847E-4
8.020481421800166E-5
8.020481421800166E-5
8.020481421800166E-5
9.995603458478908E-5
8.020481421800166E-5
9.995603458478908E-5
8.501075143920052E-5
9.995603458478908E-5
9.995603458478908E-5
9.995603458478908E-5
8.020481421800166E-5
8.501075143920052E-5
8.020481421800166E-5
8.020481421800166E-5
9.995603458478908E-5
8.020481421800166E-5
8.501075143920052E-5
8.501075143920052E-5
9.995603458478908E-5
8.020481421800166E-5
8.501075143920052E-5
8.501075143920052E-5
8.020481421800166E-5
1.1378156470951736E-4
