1.3344295217105218
1.3342054037792017
1.3342054037792017
1.3342054037792017
1.3342054037792017
1.3344295217105218
1.3131313131313114
1.3342054037792017
1.3342054037792017
1.3342054037792017
1.3341307177000101
1.3341307177000101
1.3342054037792017
1.3342054037792017
1.3131313131313114
1.3342054037792017
1.3342054037792017
1.3342054037792017
1.3342054037792017
1.3342054037792017
1.3342054037792017
1.3342054037792017
1.3342054037792017
1.3342054037792017
1.3342054037792017
1.3342054037792017
1.3342054037792017
1.3341804468581582
1.3342054037792017
1.3342054037792017
1.3311632705768803
1.3342054037792017
1.3342054037792017
1.3342054037792017
1.3342054037792017
1.3342054037792017
1.3131313131313114
1.3342054037792017
1.3342054037792017
1.3342054037792017
1.3342054037792017
1.3342054037792017
1.3131313131313107
1.3342054037792017
1.3342054037792017
1.3342054037792017
1.3342054037792017
1.3342054037792017
1.3344295217105218
1.3342054037792017
